20

14
*6Zg4NlhV8
hsNdn
7E"L1wb
46=DxU
M8a!`Ln
yPgt*:
 b;G$q%w &
6O
9Lzgc6[
=szGIg
b{q
v?
Prd[G
k?9oLXR0
11 2 1 4 10 3 5 6 7 12 9 8 14 13

1
Zhg
1
1

11
nPn*x
7Mhc93KaO
'R[VjOJo~H
Fg8-LUj\
5cnW/R;U:
k|
gU",
[!cK1!=-
Kikl
)=\
WVZscw6
5 11 2 10 3 1 6 8 4 9 7

20
L~#hE$Id@
`F2
O~i6
&p0
;;x4:)ttax
Ho]7Y93
ZeR
{EbED9d6
Am'2
R1=_!V
/7P&
#+:$P#xS
\+4>_;n
RmpVnOR
Z0!
V{DN*U}
@?6
HCcrIx%g?A
P!A-FEq)Gn
:#(I}G
5 10 11 12 19 9 1 14 13 2 20 15 3 18 6 17 16 8 7 4
1 10 2 20 19 11 15 5 3 4 6 8 7 13 9 18 17 16 14 12
1 10 13 5 12 20 2 3 11 14 6 15 19 16 7 8 4 9 18 17
1 14 20 17 4 2 3 5 10 6 18 7 9 12 8 19 16 13 15 11

17
+?#Bov~e
9/6z
i@Z
>}
T
\F:
h'dn.|} 34
w;q;D.5sw
Z.k
HO]~ 
`h;Do
K_^$0oCm_
kX[Y_[a
MMocK
nR
T>_i
 L?"k
1 12 2 3 15 4 13 9 11 5 16 10 6 14 17 7 8
4 3 1 12 2 9 10 11 6 13 14 15 8 16 17 7 5
2 12 1 10 11 6 3 13 4 14 17 15 7 16 5 9 8
1 10 11 2 12 17 13 6 5 3 16 14 15 7 4 9 8
1 10 12 9 13 14 2 15 16 5 11 17 7 3 6 4 8
1 5 2 4 8 7 10 14 12 11 17 15 9 16 3 13 6
4 3 5 10 11 1 2 13 15 8 9 12 14 17 16 7 6
1 11 12 13 15 7 16 3 4 2 6 14 10 17 5 9 8
5 10 1 3 4 7 6 12 11 13 2 15 9 8 14 17 16
4 6 2 11 10 12 1 8 15 9 3 5 13 16 17 14 7
11 2 12 3 9 1 13 16 10 4 5 14 6 7 17 15 8
1 10 13 2 11 12 14 15 5 3 16 4 17 7 9 8 6
3 1 5 11 10 6 2 7 8 9 4 13 17 16 14 12 15
4 1 6 11 12 13 3 10 5 17 14 2 7 9 15 16 8

8
u,<$f\`
s
Qx/NHc
gCS
/_fAvJM!
1}l(
CjnIt&b
3pELYW
2 3 1 4 5 8 7 6
1 2 4 3 5 8 7 6
1 3 2 4 6 5 8 7

8
V
MjAK%
oO
%{Y,fW
"ITI=2B.Y/
hCfZMx
zb,`%:
f#)
1 3 8 7 2 4 5 6

5
I#
;CQ 
I:"0t>=mq5
f
8i.:&Y9
3 2 1 5 4
2 5 3 1 4
4 2 3 1 5

20
@W 0?j
iPBW
~,{zp\
;TncZvd[
!P
8.
pi
 tXu4%rmA^
PVx9_gzk
ScrRMl
@
<MtKs>%}#
p7?1{
(^6.Z~
`9>aP=3AlD
W\W$xZ
{YNS8
h-$
?i
7OF#
10 12 5 3 2 20 6 9 11 7 4 19 8 18 17 16 13 14 1 15

20
vi6tQ
0fPaDF
Ne259bv"p
MPJe<?
:<~([
VnWRg5
] ;(x-JJw
X$0JDp$&
*74<ob0
zdA=x3+T
q[.(c44$
k7&
vD#sxKG,
zW
5f$]eK
Z@bzr
x#RdEgrbK
,l|]Jt
t
8OStkHh]C
15 3 1 4 2 12 5 11 20 9 14 7 10 19 13 6 18 16 17 8
2 1 10 20 15 11 13 3 12 7 16 14 17 18 19 4 6 5 9 8

19
Q`qj}i
k0
:8
1No\f
HEwx
@++Ez
^(Kp=T
8
~,Z?}
tM;
pd
mL [
<x*!
=
@w_lI
3Dy
"T)0MSp
x\XASJJE
aTQ},
3 12 10 1 11 13 7 4 6 5 16 15 8 17 14 19 18 2 9

3
<q
ur^/
T
1 3 2
1 3 2

2
vDZEyjI>D
zv@
1 2
1 2

19
NB&_1[&
ET0aq!05[
P7`ld\*?_
<7Y:$
FNjFbO:E]
35cSyb=
"_6O
h$Ll4w2/
-\F{
#&V
+A]"dD4
2
xr$0
a}]/G4dV$
;O$XPfV|`h
&w364hU}B
. YD;7dgj
Dg
B%K)SD
13 10 2 5 3 11 1 12 14 19 18 4 6 7 17 9 15 8 16
3 4 1 2 9 5 11 13 19 10 12 14 6 18 17 7 15 16 8
2 3 1 11 4 5 10 6 15 13 9 19 8 18 16 17 14 7 12
10 6 3 1 5 12 11 15 7 2 9 19 13 4 18 8 17 16 14

9
Y8'1,@3F1
iyLmGd]'~k
N0e.-GwwD
:
cd
*y
/()]"
U_)7B1}4Z
aPnS
3 2 6 1 5 7 4 9 8
3 1 4 2 9 5 7 8 6
3 1 4 2 9 5 7 6 8
2 3 1 6 4 7 8 5 9

7
&.pU
P
qbL[aPqUF
1
+2.
=EbAqUg_z~
,
4 1 3 2 5 6 7
1 2 7 3 5 4 6
2 3 6 5 1 7 4
5 1 7 3 6 2 4
2 1 3 7 4 5 6
2 3 1 4 5 6 7

2
L8e&]n
\}L
2 1
1 2

1
0?j5
1

5
E1hA
uC*'6u O]b
<H*
\!h]ga
"fww'/#?9d
1 5 4 2 3
1 2 3 4 5
5 1 2 4 3
1 5 4 2 3

7
F%
#Pvr
H
gI|Qsu;LLL
H< Dk9g)
FrA/&>OM
V0gTu`zP?2
1 2 7 3 4 5 6
